Sub-Section Id : 64065355380
Question Shuffling Allowed : Yes
Question Number : 177 Question Id : 640653386830 Question Type : SA Calculator : None
Response Time : N.A Think Time : N.A Minimum Instruction Time : 0
Correct Marks : 7
Question Label : Short Answer Question
Consider the dataset as shown in the figure. We want to project the dataset into another feature space so that it lives in a linear subspace of a higher-dimension space. We apply the kernel PCA with a polynomial kernel of the appropriate degree to achieve the same. What will be the dimension of transformed feature space?

\begin{tikzpicture}
\draw[->] (-50,0) -- (50,0) node[below] {$X_1$};
\draw[->] (0,-5) -- (0,35) node[left] {$X_2$};
\draw[step=10,gray,thin] (-50,-5) grid (50,35);
\draw[dotted,gray] (0,0) -- (5,5) -- (10,20) -- (15,25) -- (20,28) -- (25,28) -- (30,20) -- (35,10) -- (40,0);
\foreach \point in {(-10,8),(-20,12),(-10,12),(-20,18),(-10,18),(-20,20),(-10,20),(-20,28),(-10,28),(-20,28),(-10,28),(-20,28),(-10,28),(0,0),(5,3),(5,10),(5,12),(5,18),(5,18),(5,20),(5,20),(5,25),(5,28),(10,28),(10,28),(10,28),(10,28),(10,28),(10,28),(10,28),(10,28),(10,28),(10,28),(10,28),(10,28),(10,28),(10,28),(10,28),(10,28),(10,28),(10,28),(10,28),(10,28),(10,28),(10,28),(10,28),(10,28),(10,28),(10,28),(10,28),(10,28),(10,28),(10,28),(10,28),(10,28),(10,28),(10,28),(10,28),(10,28),(10,28),(10,28),(10,28),(10,28),(10,28),(10,28),(10,28),(10,28),(10,28),(10,28),(10,28),(10,28),(10,28),(10,28),(10,28),(10,28),(10,28),(10,28),(10,28),(10,28),(10,28),(10,28),(10,28),(10,28),(10,28),(10,28),(10,28),(10,28),(10,28),(10,28),(10,28),(10,28),(10,28),(10,28),(10,28),(10,28),(10,28),(10,28),(10,28),(10,28),(10,28),(10,28),(10,28),(10,28),(10,28),(10,28),(10,28),(10,28),(10,28),(10,28),(10,28),(10,28),(10,28),(10,28),(10,28),(10,28),(10,28),(10,28),(10,28),(10,28),(10,28),(10,28),(10,28),(10,28),(10,28),(10,28),(10,28),(10,28),(10,28),(10,28),(10,28),(10,28),(10,28),(10,28),(10,28),(10,28),(10,28),(10,28),(10,28),(10,28),(10,28),(10,28),(10,28),(10,28),(10,28),(10,28),(10,28),(10,28),(10,28),(10,28),(10,28),(10,28),(10,28),(10,28),(10,28),(10,28),(10,28),(10,28),(10,28),(10,28),(10,28),(10,28),(10,28),(10,28),(10,28),(10,28),(10,28),(10,28),(10,28),(10,28),(10,28),(10,28),(10,28),(10,28),(10,28),(10,28),(10,28),(10,28),(10,28),(10,28),(10,28),(10,28),(10,28),(10,28),(10,28),(10,28),(10,28),(10,28),(10,28),(10,28),(10,28),(10,28),(10,28),(10,28),(10,28),(10,28),(10,28),(10,28),(10,28),(10,28),(10,28),(10,28),(10,28),(10,28),(10,28),(10,28),(10,28),(10,28),(10,28),(10,28),(10,28),(10,28),(10,28),(10,28),(10,28),(10,28),(10,28),(10,28),(10,28),(10,28),(10,28),(10,28),(10,28),(10,28),(10,28),(10,28),(10,28),(10,28),(10,28),(10,28),(10,28),(10,28),(10,28),(10,28),(10,28),(10,28),(10,28),(10,28),(10,28),(10,28),(10,28),(10,28),(10,28),(10,28),(10,28),(10,28),(10,28),(10,28),(10,28),(10,28),(10,28),(10,28),(10,28),(10,28),(10,28),(10,28),(10,28),(10,28),(10,28),(10,28),(10,28),(10,28),(10,28),(10,28),(10,28),(10,28),(10,28),(10,28),(10,28),(10,28),(10,28),(10,28),(10,28),(10,28),(10,28),(10,28),(10,28),(10,28),(10,28),(10,28),(10,28),(10,28),(10,28),(10,28),(10,28),(10,28),(10,28),(10,28),(10,28),(10,28),(10,28),(10,28),(10,28),(10,28),(10,28),(10,28),(10,28),(10,28),(10,28),(10,28),(10,28),(10,28),(10,28),(10,28),(10,28),(10,28),(10,28),(10,28),(10,28),(10,28),(10,28),(10,28),(10,28),(10,28),(10,28),(10,28),(10,28),(10,28),(10,28),(10,28),(10,28),(10,28),(10,28),(10,28),(10,28),(10,28),(10,28),(10,28),(10,28),(10,28),(10,28),(10,28),(10,28),(10,28),(10,28),(10,28),(10,28),(10,28),(10,28),(10,28),(10,28),(10,28),(10,28),(10,28),(10,28),(10,28),(10,28),(10,28),(10,28),(10,28),(10,28),(10,28),(10,28),(10,28),(10,28),(10,28),(10,28),(10,28),(10,28),(10,28),(10,28),(10,28),(10,28),(10,28),(10,28),(10,28),(10,28),(10,28),(10,28),(10,28),(10,28),(10,28),(10,28),(10,28),(10,28),(10,28),(10,28),(10,28),(10,28),(10,28),(10,28),(10,28),(10,28),(10,28),(10,28),(10,28),(10,28),(10,28),(10,28),(10,28),(10,28),(10,28),(10,28),(10,28),(10,28),(10,28),(10,28),(10,28),(10,28),(10,28),(10,28),(10,28),(10,28),(10,28),(10,28),(10,28),(10,28),(10,28),(10,28),(10,28),(10,28),(10,28),(10,28),(10,28),(10,28),(10,28),(10,28),(10,28),(10,28),(10,28),(10,28),(10,28),(10,28),(10,28),(10,28),(10,28),(10,28),(10,28),(10,28),(10,28),(10,28),(10,28),(10,28),(10,28),(10,28),(10,28),(10,28),(10,28),(10,28),(10,28),(10,28),(10,28),(10,28),(10,28),(10,28),(10,28),(10,28),(10,28),(10,28),(10,28),(10,28),(10,28),(10,28),(10,28),(10,28),(10,28),(10,28),(10,28),(10,28),(10,28),(10,28),(10,28),(10,28),(10,28),(10,28),(10,28),(10,28),(10,28),(10,28),(10,28),(10,28),(10,28),(10,28),(10,28),(10,28),(10,28),(10,28),(10,28),(10,28),(10,28),(10,28),(10,28),(10,28),(10,28),(10,28),(10,28),(10,28),(10,28),(10,28),(10,28),(10,28),(10,28),(10,28),(10,28),(10,28),(10,28),(10,28),(10,28),(10,28),(10,28),(10,28),(10,28),(10,28),(10,28),(10,28),(10,28),(10,28),(10,28),(10,28),(10,28),(10,28),(10,28),(10,28),(10,28),(10,28),(10,28),(10,28),(10,28),(10,28),(10,28),(10,28),(10,28),(10,28),(10,28),(10,28),(10,28),(10,28),(10,28),(10,28),(10,28),(10,28),(10,28),(10,28),(10,28),(10,28),(10,28),(10,28),(10,28),(10,28),(10,28),(10,28),(10,28),(10,28),(10,28),(10,28),(10,28),(10,28),(10,28),(10,28),(10,28),(10,28),(10,28),(10,28),(10,28),(10,28),(10,28),(10,28),(10,28),(10,28),(10,28),(10,28),(10,28),(10,28),(10,28),(10,28),(10,28),(10,28),(10,28),(10,28),(10,28),(10,28),(10,28),(10,28),(10,28),(10,28),(10,28),(10,28),(10,28),(10,28),(10,28),(10,28),(10,28),(10,28),(10,28),(10,28),(10,28),(10,28),(10,28),(10,28),(10,28),(10,28),(10,28),(10,28),(10,28),(10,28),(10,28),(10,28),(10,28),(10,28),(10,28),(10,28),(10,28),(10,28),(10,28),(10,28),(10,28),(10,28),(10,28),(10,28),(10,28),(10,28),(10,28),(10,28),(10,28),(10,28),(10,28),(10,28),(10,28),(10,28),(10,28),(10,28),(10,28),(10,28),(10,28),(10,28),(10,28),(10,28),(10,28),(10,28),(10,28),(10,28),(10,28),(10,28),(10,28),(10,28),(10,28),(10,28),(10,28),(10,28),(10,28),(10,28),(10,28),(10,28),(10,28),(10,28),(10,28),(10,28),(10,28),(10,28),(10,28),(10,28),(10,28),(10,28),(10,28),(10,28),(10,28),(10,28),(10,28),(10,28),(10,28),(10,28),(10,28),(10,28),(10,28),(10,28),(10,28),(10,28),(10,28),(10,28),(10,28),(10,28),(10,28),(10,28),(10,28),(10,28),(10,28),(10,28),(10,28),(10,28),(10,28),(10,28),(10,28),(10,28),(10,28),(10,28),(10,28),(10,28),(10,28),(10,28),(10,28),(10,28),(10,28),(10,28),(10,28),(10,28),(10,28),(10,28),(10,28),(10,28),(10,28),(10,28),(10,28),(10,28),(10,28),(10,28),(10,28),(10,28),(10,28),(10,28),(10,28),(10,28),(10,28),(10,28),(10,28),(10,28),(10,28),(10,28),(10,28),(10,28),(10,28),(10,28),(10,28),(10,28),(10,28),(10,28),(10,28),(10,28),(10,28),(10,28),(10,28),(10,28),(10,28),(10,28),(10,28),(10,28),(10,28),(10,28),(10,28),(10,28),(10,28),(10,28),(10,28),(10,28),(10,28),(10,28),(10,28),(10,28),(10,28),(10,28),(10,28),(10,28),(10,28),(10,28),(10,28),(10,28),(10,28),(10,28),(10,28),(10,28),(10,28),(10,28),(10,28),(10,28),(10,28),(10,28),(10,28),(10,28),(10,28),(10,28),(10,28),(10,28),(10,28),(10,28),(10,28),(10,28),(10,28),(10,28),(10,28),(10,28),(10,28),(10,28),(10,28),(10,28),(10,28),(10,28),(10,28),(10,28),(10,28),(10,28),(10,28),(10,28),(10,28),(10,28),(10,28),(10,28),(10,28),(10,28),(10,28),(10,28),(10,28),(10,28),(10,28),(10,28),(10,28),(10,28),(10,28),(10,28),(10,28),(10,28),(10,28),(10,28),(10,28),(10,28),(10,28),(10,28),(10,28),(10,28),(10,28),(10,28),(10,28),(10,28),(10,28),(10,28),(10,28),(10,28),(10,28),(10,28),(10,28),(10,28),(10,28),(10,28),(10,28),(10,28),(10,28),(10,28),(10,28),(10,28),(10,28),(10,28),(10,28),(10,28),(10,28),(10,28),(10,28),(10,28),(10,28),(10,28),(10,28),(10,28),(10,28),(10,28),(10,28),(10,28),(10,28),(10,28),(10,28),(10,28),(10,28),(10,28),(10,28),(10,28),(10,28),(10,28),(10,28),(10,28),(10,28),(10,28),(10,28),(10,28),(10,28),(10,28),(10,28),(10,28),(10,28),(10,28),(10,28),(10,28),(10,28),(10,28),(10,28),(10,28),(10,28),(10,28),(10,28),(10,28),(10,28),(10,28),(10,28),(10,28),(10,28),(10,28),(10,28),(10,28),(10,28),(10,28),(10,28),(10,28),(10,28),(10,28),(10,28),(10,28),(10,28),(10,28),(10,28),(10,28),(10,28),(10,28),(10,28),(10,28),(10,28),(10,28),(10,28),(10,28),(10,28),(10,28),(10,28),(10,28),(10,28),(10,28),(10,28),(10,28),(10,28),(10,28),(10,28),(10,28),(10,28),(10,28),(10,28),(10,28),(10,28),(10,28),(10,28),(10,28),(10,28),(10,28),(10,28),(10,28),(10,28),(10,28),(10,28),(10,28),(10,28),(10,28),(10,28),(10,28),(10,28),(10,28),(10,28),(10,28),(10,28),(10,28),(10,28),(10,28),(10,28),(10,28),(10,28),(10,28),(10,28),(10,28),(10,28),(10,28),(10,28),(10,28),(10,28),(10,28),(10,28),(10,28),(10,28),(10,28),(10,28),(10,28),(10,28),(10,28),(10,28),(10,28),(10,28),(10,28),(10,28),(10,28),(10,28),(10,28),(10,28),(10,28),(10,28),(10,28),(10,28),(10,28),(10,28),(10,28),(10,28),(10,28),(10,28),(10,28),(10,28),(10,28),(10,28),(10,28),(10,28),(10,28),(10,28),(10,28),(10,28),(10,28),(10,28),(10,28),(10,28),(10,28),(10,28),(10,28),(10,28),(10,28),(10,28),(10,28),(10,28),(10,28),(10,28),(10,28),(10,28),(10,28),(10,28),(10,28),(10,28),(10,28),(10,28),(10,28),(10,28),(10,28),(10,28),(10,28),(10,28),(10,28),(10,28),(10,28),(10,28),(10,28),(10,28),(10,28),(10,28),(10,28),(10,28),(10,28),(10,28),(10,28),(10,28),(10,28),(10,28),(10,28),(10,28),(10,28),(10,28),(10,28),(10,28),(10,28),(10,28),(10,28),(10,28),(10,28),(10,28),(10,28),(10,28),(10,28),(10,28),(10,28),(10,28),(10,28),(10,28),(10,28),(10,28),(10,28),(10,28),(10,28),(10,28),(10,28),(10,28),(10,28),(10,28),(10,28),(10,28),(10,28),(10,28),(10,28),(10,28),(10,28),(10,28),(10,28),(10,28),(10,28),(10,28),(10,28),(10,28),(10,28),(10,28),(10,28),(10,28),(10,28),(10,28),(10,28),(10,28),(10,28),(10,28),(10,28),(10,28),(10,28),(10,28),(10,28),(10,28),(10,28),(10,28),(10,28),(10,28),(10,28),(10,28),(10,28),(10,28),(10,28),(10,28),(10,28),(10,28),(10,28),(10,28),(10,28),(10,28),(10,28),(10,28),(10,28),(10,28),(10,28),(10,28),(10,28),(10,28),(10,28),(10,28),(10,28),(10,28),(10,28),(10,28),(10,28),(10,28),(10,28),(10,28),(10,28),(10,28),(10,28),(10,28),(10,28),(10,28),(10,28),(10,28),(10,28),(10,28),(10,28),(10,28),(10,28),(10,28),(10,28),(10,28),(10,28),(10,28),(10,28),(10,28),(10,28),(10,28),(10,28),(10,28),(10,28),(10,28),(10,28),(10,28),(10,28),(10,28),(10,28),(10,28),(10,28),(10,28),(10,28),(10,28),(10,28),(10,28),(10,28),(10,28),(10,28),(10,28),(10,28),(10,28),(10,28),(10,28),(10,28),(10,28),(10,28),(10,28),(10,28),(10,28),(10,28),(10,28),(10,28),(10,28),(10,28),(10,28),(10,28),(10,28),(10,28),(10,28),(10,28),(10,28),(10,28),(10,28),(10,28),(10,28),(10,28),(10,28),(10,28),(10,28),(10,28),(10,28),(10,28),(10,28),(10,28),(10,28),(10,28),(10,28),(10,28),(10,28),(10,28),(10,28),(10,28),(10,28),(10,28),(10,28),(10,28),(10,28),(10,28),(10,28),(10,28),(10,28),(10,28),(10,28),(10,28),(10,28),(10,28),(10,28),(10,28),(10,28),(10,28),(10,28),(10,28),(10,28),(10,28),(10,28),(10,28),(10,28),(10,28),(10,28),(10,28),(10,28),(10,28),(10,28),(10,28),(10,28),(10,28),(10,28),(10,28),(10,28),(10,28),(10,28),(10,28),(10,28),(10,28),(10,28),(10,28),(10,28),(10,28),(10,28),(10,28),(10,28),(10,28),(10,28),(10,28),(10,28),(10,28),(10,28),(10,28),(10,28),(10,28),(10,28),(10,28),(10,28),(10,28),(10,28),(10,28),(10,28),(10,28),(10,28),(10,28),(10,28),(10,28),(10,28),(10,28),(10,28),(10,28),(10,28),(10,28),(10,28),(10,28),(10,28),(10,28),(10,28),(10,28),(10,28),(10,28),(10,28),(10,28),(10,28),(10,28),(